Accuracy of the model : 84.18

Classification report : 

              precision    recall  f1-score   support

           0       0.85      0.88      0.87      1000
           1       0.93      0.91      0.92      1000
           2       0.80      0.76      0.78      1000
           3       0.73      0.66      0.69      1000
           4       0.78      0.85      0.81      1000
           5       0.77      0.79      0.78      1000
           6       0.86      0.89      0.87      1000
           7       0.89      0.87      0.88      1000
           8       0.90      0.92      0.91      1000
           9       0.90      0.90      0.90      1000

   micro avg       0.84      0.84      0.84     10000
   macro avg       0.84      0.84      0.84     10000
weighted avg       0.84      0.84      0.84     10000
